{
  "crypto": {
    "domain": "crypto",
    "n_records": 8766,
    "n_regimes": 4,
    "regime_distribution": {
      "sideways": 4712,
      "volatile": 2187,
      "bull": 1029,
      "bear": 838
    },
    "n_methods": 5,
    "methods": [
      "naive",
      "momentum_short",
      "momentum_long",
      "mean_revert",
      "trend"
    ],
    "n_trials": 30,
    "mean_si": 0.22659371415880392,
    "std_si": 0.09033347668337377,
    "min_si": 0.09459931898051577,
    "max_si": 0.4604300773458004,
    "ci_95_lower": 0.0971870728398556,
    "ci_95_upper": 0.4297821420286928,
    "trial_results": [
      {
        "trial": 0,
        "mean_si": 0.19629211498989524,
        "agent_sis": [
          0.18991140545941565,
          0.19298326907812446,
          0.17744007857576027,
          0.2079186054030886,
          0.21320721643308715
        ],
        "final_preferences": [
          [
            0.4632300378722449,
            0.38004387938333667,
            0.07423926084126885,
            0.0824868219031494
          ],
          [
            0.5184996758333926,
            0.31296958154317905,
            0.0704791466975079,
            0.09805159592592037
          ],
          [
            0.47898039370731277,
            0.3499092318516168,
            0.0797863723450194,
            0.09132400209605093
          ],
          [
            0.5058414966165949,
            0.3432024309392721,
            0.05865959186187379,
            0.0922964805822591
          ],
          [
            0.5139382684956788,
            0.3391174458599946,
            0.06215035227122015,
            0.08479393337310646
          ]
        ]
      },
      {
        "trial": 1,
        "mean_si": 0.2917248265508669,
        "agent_sis": [
          0.3099823031693535,
          0.300332242644884,
          0.2791244720288011,
          0.2929693417444673,
          0.27621577316682866
        ],
        "final_preferences": [
          [
            0.6268540692120614,
            0.2672647556108549,
            0.05299313939626549,
            0.05288803578081814
          ],
          [
            0.6250894440090162,
            0.2614927670998269,
            0.05641939408500331,
            0.05699839480615376
          ],
          [
            0.6146640360942524,
            0.2578525701577126,
            0.06760858897473006,
            0.05987480477330483
          ],
          [
            0.6293697954936627,
            0.2443256401392836,
            0.07984362400447599,
            0.046460940362577634
          ],
          [
            0.6054523873834601,
            0.2685957334539356,
            0.07349333474515665,
            0.052458544417447614
          ]
        ]
      },
      {
        "trial": 2,
        "mean_si": 0.14972788602961362,
        "agent_sis": [
          0.1384245841681201,
          0.15556684456904024,
          0.1576907046919327,
          0.1508890882223387,
          0.14606820849663638
        ],
        "final_preferences": [
          [
            0.4907859408625219,
            0.27896174563831705,
            0.14676176161912363,
            0.0834905518800374
          ],
          [
            0.49192741672300233,
            0.30495816117494406,
            0.124141126503325,
            0.07897329559872861
          ],
          [
            0.5040748750767255,
            0.2897887538496825,
            0.12560568615284046,
            0.08053068492075144
          ],
          [
            0.5001132400473494,
            0.28646098065833153,
            0.12996092657290448,
            0.0834648527214146
          ],
          [
            0.4773372110131674,
            0.3146028546383219,
            0.12406185018080113,
            0.08399808416770942
          ]
        ]
      },
      {
        "trial": 3,
        "mean_si": 0.1765923760572166,
        "agent_sis": [
          0.17558294006286368,
          0.18436913588791493,
          0.18617885499599496,
          0.17185432806604717,
          0.16497662127326218
        ],
        "final_preferences": [
          [
            0.5016471601622716,
            0.3168978584277444,
            0.07475980081778373,
            0.10669518059220018
          ],
          [
            0.5037756835823155,
            0.3217160301670891,
            0.06613362936396372,
            0.1083746568866316
          ],
          [
            0.5272717463944322,
            0.2926204375150523,
            0.07521593848858132,
            0.10489187760193415
          ],
          [
            0.5123873707464146,
            0.2957328249741035,
            0.07494849529065245,
            0.1169313089888294
          ],
          [
            0.4906917155785421,
            0.31899712973828925,
            0.07598213670784217,
            0.11432901797532642
          ]
        ]
      },
      {
        "trial": 4,
        "mean_si": 0.11128123551448596,
        "agent_sis": [
          0.10357719719384517,
          0.0939695027867774,
          0.11126453497610633,
          0.13490024975658832,
          0.1126946928591126
        ],
        "final_preferences": [
          [
            0.3982341620104594,
            0.3620523933870516,
            0.11357444569314351,
            0.1261389989093456
          ],
          [
            0.38934017232216916,
            0.3577346537856896,
            0.11066142487129631,
            0.14226374902084507
          ],
          [
            0.4064980569009838,
            0.3620956362573233,
            0.10617860084602306,
            0.12522770599566982
          ],
          [
            0.41733545237802055,
            0.3775657813617567,
            0.09739595538807853,
            0.10770281087214406
          ],
          [
            0.3971780232824554,
            0.37447553577822834,
            0.11276283426293283,
            0.11558360667638348
          ]
        ]
      },
      {
        "trial": 5,
        "mean_si": 0.2514110578793486,
        "agent_sis": [
          0.27194459295778894,
          0.2595425613641834,
          0.23822475343091842,
          0.2642859557606613,
          0.22305742588319077
        ],
        "final_preferences": [
          [
            0.6286038264556965,
            0.21906726189335216,
            0.09968735190445932,
            0.05264155974649219
          ],
          [
            0.633378793256984,
            0.1790819621267376,
            0.1303522166073973,
            0.057187028008881216
          ],
          [
            0.6069637487860893,
            0.20051332998438437,
            0.13919428100282422,
            0.053328640226702174
          ],
          [
            0.6287722466846635,
            0.1971517015644071,
            0.12480799013004112,
            0.04926806162088833
          ],
          [
            0.5914187887148962,
            0.2223770402171564,
            0.12324522425010905,
            0.06295894681783828
          ]
        ]
      },
      {
        "trial": 6,
        "mean_si": 0.21082733887815533,
        "agent_sis": [
          0.2156790844857881,
          0.18841844364767968,
          0.22534472722605725,
          0.2214169852305543,
          0.20327745380069728
        ],
        "final_preferences": [
          [
            0.5812688087417738,
            0.24007269671818005,
            0.10312283492831709,
            0.075535659611729
          ],
          [
            0.5649431488437806,
            0.23306905926226612,
            0.1032775253793761,
            0.09871026651457704
          ],
          [
            0.5972924516565611,
            0.22306757587667092,
            0.10141256019503458,
            0.07822741227173345
          ],
          [
            0.5888394390773313,
            0.2347423281831446,
            0.09787276046636934,
            0.07854547227315482
          ],
          [
            0.5809141069781094,
            0.22021189558459103,
            0.1174931621552236,
            0.08138083528207583
          ]
        ]
      },
      {
        "trial": 7,
        "mean_si": 0.25341169433905864,
        "agent_sis": [
          0.25075503957168854,
          0.2593626611290091,
          0.22453749508435628,
          0.2512374035071798,
          0.28116587240305957
        ],
        "final_preferences": [
          [
            0.6226710338210544,
            0.1337314186791506,
            0.1881866808496878,
            0.05541086665010737
          ],
          [
            0.6341995567003011,
            0.15842521849839683,
            0.152537108803241,
            0.054838115998060835
          ],
          [
            0.6118183560030077,
            0.1531930885496583,
            0.16058007923332346,
            0.0744084762140106
          ],
          [
            0.6292763701250228,
            0.1489060258608134,
            0.16238748780505632,
            0.05943011620910752
          ],
          [
            0.6567682792248178,
            0.13227971432115257,
            0.15245109749970015,
            0.05850090895432945
          ]
        ]
      },
      {
        "trial": 8,
        "mean_si": 0.24912998071236933,
        "agent_sis": [
          0.21767297879398906,
          0.28895519260707647,
          0.2611329384915173,
          0.24495878449969732,
          0.23293000916956652
        ],
        "final_preferences": [
          [
            0.5614528352337151,
            0.27777781796290796,
            0.07313896417798522,
            0.08763038262539163
          ],
          [
            0.620586181055481,
            0.25683611082082425,
            0.050996877477917486,
            0.07158083064577728
          ],
          [
            0.6026490216578652,
            0.258850096077224,
            0.06311171216134212,
            0.07538917010356874
          ],
          [
            0.5882053929996287,
            0.26470873524225863,
            0.06436925832804909,
            0.08271661343006353
          ],
          [
            0.5861252364074703,
            0.2546001513688023,
            0.07049085827731084,
            0.08878375394641656
          ]
        ]
      },
      {
        "trial": 9,
        "mean_si": 0.15642812258833858,
        "agent_sis": [
          0.1622402623919379,
          0.14793491110403578,
          0.17306564639961064,
          0.1652331890351616,
          0.133666604010947
        ],
        "final_preferences": [
          [
            0.5492544526345386,
            0.1429021029037393,
            0.21119038014715025,
            0.09665306431457191
          ],
          [
            0.538971582279572,
            0.15828593466751448,
            0.199058034328648,
            0.10368444872426559
          ],
          [
            0.5665081728344926,
            0.148432258560673,
            0.18692227382884857,
            0.0981372947759859
          ],
          [
            0.5539705843300675,
            0.1678053521995036,
            0.188981084483848,
            0.08924297898658072
          ],
          [
            0.5227242923210165,
            0.18561880434330394,
            0.18775525672374743,
            0.10390164661193207
          ]
        ]
      },
      {
        "trial": 10,
        "mean_si": 0.2629550013692476,
        "agent_sis": [
          0.2662721289603085,
          0.26747253382454705,
          0.2604465002902113,
          0.26968895206021837,
          0.2508948917109528
        ],
        "final_preferences": [
          [
            0.637898348465542,
            0.19234065974882597,
            0.10619423669315124,
            0.06356675509248053
          ],
          [
            0.6359384351583798,
            0.2033559447099455,
            0.09115839747178535,
            0.06954722265988943
          ],
          [
            0.6267788302496423,
            0.21097637132624864,
            0.09761165995134498,
            0.06463313847276407
          ],
          [
            0.6398851405476657,
            0.19329816635890507,
            0.10436976542041738,
            0.06244692767301181
          ],
          [
            0.6229815074795286,
            0.2045563816470827,
            0.10380961026184943,
            0.06865250061153928
          ]
        ]
      },
      {
        "trial": 11,
        "mean_si": 0.3076614437192485,
        "agent_sis": [
          0.29994027198107753,
          0.3110341825780307,
          0.3178780203395889,
          0.30272959841654423,
          0.3067251452810009
        ],
        "final_preferences": [
          [
            0.5313057996952676,
            0.379670712662814,
            0.06545280232672702,
            0.023570685315191367
          ],
          [
            0.5509619494911645,
            0.36475396950047995,
            0.060296355640904985,
            0.023987725367450644
          ],
          [
            0.5854321949198311,
            0.3243692259397755,
            0.06830732807069716,
            0.021891251069696274
          ],
          [
            0.5391030534873403,
            0.3746156691418674,
            0.05836099099083775,
            0.02792028637995466
          ],
          [
            0.54064028454483,
            0.37218873072487024,
            0.06624206278489425,
            0.020928921945405386
          ]
        ]
      },
      {
        "trial": 12,
        "mean_si": 0.265837604735024,
        "agent_sis": [
          0.23629404056067782,
          0.3092755765050449,
          0.267316595032448,
          0.2361721657774003,
          0.2801296457995489
        ],
        "final_preferences": [
          [
            0.5993364368452647,
            0.11252744012118894,
            0.06009875612565635,
            0.22803736690789
          ],
          [
            0.6657618933062068,
            0.0948523751508138,
            0.048784788885453546,
            0.19060094265752592
          ],
          [
            0.6297082909839851,
            0.09352505590461598,
            0.06209052657804772,
            0.21467612653335139
          ],
          [
            0.607772691934381,
            0.11661030558503956,
            0.06492457819240988,
            0.21069242428816956
          ],
          [
            0.6424595239609231,
            0.09712401302269832,
            0.05699662594778883,
            0.2034198370685898
          ]
        ]
      },
      {
        "trial": 13,
        "mean_si": 0.1942098442048516,
        "agent_sis": [
          0.20972951323900646,
          0.19419521125401173,
          0.1776552027899463,
          0.19586725964095064,
          0.19360203410034282
        ],
        "final_preferences": [
          [
            0.583065727976078,
            0.22922283581014982,
            0.0853374700861257,
            0.10237396612764657
          ],
          [
            0.570626723097897,
            0.22618375128468168,
            0.08175860345462163,
            0.12143092216279981
          ],
          [
            0.5517506596932482,
            0.2386898772353873,
            0.08774902607830308,
            0.12181043699306153
          ],
          [
            0.5670875479650112,
            0.24031089409662576,
            0.09099185061651896,
            0.10160970732184421
          ],
          [
            0.5774849633759609,
            0.21342266145065628,
            0.09453272641432219,
            0.11455964875906074
          ]
        ]
      },
      {
        "trial": 14,
        "mean_si": 0.4604300773458004,
        "agent_sis": [
          0.44557037496122864,
          0.4997204857602162,
          0.4544520306207387,
          0.4442580356374577,
          0.4581494597493606
        ],
        "final_preferences": [
          [
            0.7791634024629509,
            0.08214593663024777,
            0.06005982503790865,
            0.07863083586889262
          ],
          [
            0.8085533832076888,
            0.08170837815963533,
            0.045862213557040656,
            0.06387602507563545
          ],
          [
            0.785065352108078,
            0.07336392579910388,
            0.06674543375847898,
            0.07482528833433916
          ],
          [
            0.7772409605450701,
            0.08409613145762068,
            0.05333822009846756,
            0.08532468789884161
          ],
          [
            0.7862732835827161,
            0.07858318586147785,
            0.05617102870389771,
            0.07897250185190836
          ]
        ]
      },
      {
        "trial": 15,
        "mean_si": 0.18383804461652714,
        "agent_sis": [
          0.18909850212442192,
          0.1814937367145142,
          0.18539575728478552,
          0.17849257955468067,
          0.18470964740423346
        ],
        "final_preferences": [
          [
            0.4885707260945388,
            0.1860999379377022,
            0.2971059594110318,
            0.02822337655672702
          ],
          [
            0.48199212532751934,
            0.1979326300989885,
            0.2909050746909749,
            0.02917016988251739
          ],
          [
            0.4720124690691504,
            0.20008096219803098,
            0.303310666777499,
            0.024595901955319577
          ],
          [
            0.46883979780262014,
            0.200382515410589,
            0.30289251996659455,
            0.027885166820196382
          ],
          [
            0.49068632593124434,
            0.20385428909392436,
            0.2770885477886226,
            0.028370837186208617
          ]
        ]
      },
      {
        "trial": 16,
        "mean_si": 0.26656090767485263,
        "agent_sis": [
          0.25070476469068803,
          0.26340156825653716,
          0.28316561702683163,
          0.2816454199033267,
          0.25388716849687976
        ],
        "final_preferences": [
          [
            0.6165949245741116,
            0.2217845914889201,
            0.08148356718534407,
            0.08013691675162418
          ],
          [
            0.6229776021465532,
            0.22565787519980424,
            0.08065734373789424,
            0.0707071789157484
          ],
          [
            0.6416698185494943,
            0.2141728405797818,
            0.07503428363516855,
            0.06912305723555524
          ],
          [
            0.6461842842056367,
            0.20235546304300206,
            0.06968416678795089,
            0.08177608596341036
          ],
          [
            0.6203879016046018,
            0.2184855771140352,
            0.08107537251035334,
            0.08005114877100958
          ]
        ]
      },
      {
        "trial": 17,
        "mean_si": 0.11720510487497804,
        "agent_sis": [
          0.12002761106106918,
          0.13057277263404266,
          0.11262683644263927,
          0.11276368031174377,
          0.11003462392539531
        ],
        "final_preferences": [
          [
            0.4237615538743327,
            0.3533498531489242,
            0.11956227746179167,
            0.10332631551495146
          ],
          [
            0.43192637912027176,
            0.3566942369300139,
            0.10798185720206856,
            0.10339752674764574
          ],
          [
            0.41561204755512066,
            0.3542222461886147,
            0.11386370064702755,
            0.11630200560923716
          ],
          [
            0.41273842182985476,
            0.3575821003586519,
            0.11803468541813449,
            0.11164479239335888
          ],
          [
            0.41014264446182563,
            0.35698874115824464,
            0.12203577196598016,
            0.1108328424139496
          ]
        ]
      },
      {
        "trial": 18,
        "mean_si": 0.41815706311530726,
        "agent_sis": [
          0.44347677298709265,
          0.4192508590435362,
          0.39694239624604577,
          0.4094962551455986,
          0.421619032154263
        ],
        "final_preferences": [
          [
            0.7733257201556789,
            0.10105837214491735,
            0.042661969098672425,
            0.0829539386007314
          ],
          [
            0.7604818789667258,
            0.10958196898978291,
            0.05845082440761571,
            0.07148532763587562
          ],
          [
            0.7468740739900404,
            0.1053474169021037,
            0.05668968933668948,
            0.09108881977116638
          ],
          [
            0.7517246471253358,
            0.11070522192876271,
            0.04582665856020381,
            0.0917434723856977
          ],
          [
            0.7601862929107354,
            0.1080512786807735,
            0.04707855954052523,
            0.08468386886796599
          ]
        ]
      },
      {
        "trial": 19,
        "mean_si": 0.09459931898051577,
        "agent_sis": [
          0.0994406342128239,
          0.09892815574394775,
          0.0891520883948912,
          0.09301903847113435,
          0.09245667807978164
        ],
        "final_preferences": [
          [
            0.32607080777859476,
            0.40216274101049665,
            0.07770485957160247,
            0.19406159163930603
          ],
          [
            0.3317655505990633,
            0.394297347077881,
            0.07566554746876925,
            0.19827155485428638
          ],
          [
            0.3245065792136969,
            0.3992549661879315,
            0.09165125120210621,
            0.18458720339626547
          ],
          [
            0.3332817593403924,
            0.3912691985743331,
            0.08332347767505462,
            0.1921255644102198
          ],
          [
            0.30857300380702546,
            0.4116184893252928,
            0.08714069261623814,
            0.19266781425144353
          ]
        ]
      },
      {
        "trial": 20,
        "mean_si": 0.0981686346485707,
        "agent_sis": [
          0.09859722540429683,
          0.09519925797034101,
          0.0995572814828769,
          0.08443937203013985,
          0.11305003635519895
        ],
        "final_preferences": [
          [
            0.4386768997041386,
            0.3052237708355616,
            0.12055159306526618,
            0.1355477363950337
          ],
          [
            0.4467910271051491,
            0.2851256481200697,
            0.11701847429632492,
            0.15106485047845614
          ],
          [
            0.44054225795860624,
            0.2953105760293142,
            0.10015178457364528,
            0.1639953814384342
          ],
          [
            0.4331643638814972,
            0.2879107509132967,
            0.12700001513503986,
            0.1519248700701663
          ],
          [
            0.45371793021975754,
            0.30632210698263873,
            0.11479779736566353,
            0.1251621654319403
          ]
        ]
      },
      {
        "trial": 21,
        "mean_si": 0.17694569115308653,
        "agent_sis": [
          0.17769765551025007,
          0.1796684314488325,
          0.17659786469615713,
          0.16904361320783723,
          0.18172089090235577
        ],
        "final_preferences": [
          [
            0.49874264559583303,
            0.27743577778012235,
            0.03817567985129232,
            0.18564589677275206
          ],
          [
            0.5090226107051592,
            0.2598478497727214,
            0.0389079167931493,
            0.19222162272896998
          ],
          [
            0.49302460013716953,
            0.27282989490091025,
            0.034846529267045866,
            0.1992989756948742
          ],
          [
            0.49292875042175566,
            0.28487816532198706,
            0.04453000183820513,
            0.1776630824180522
          ],
          [
            0.5026825222851837,
            0.26434530614449364,
            0.03439505557278956,
            0.1985771159975331
          ]
        ]
      },
      {
        "trial": 22,
        "mean_si": 0.15290625686805354,
        "agent_sis": [
          0.13697111604413348,
          0.1501118280874465,
          0.16563065720727788,
          0.15891339475982114,
          0.15290428824158864
        ],
        "final_preferences": [
          [
            0.5080523698234002,
            0.24973972621272617,
            0.14664098866560785,
            0.09556691529826569
          ],
          [
            0.5197748947628357,
            0.24933386936768653,
            0.14317042087298454,
            0.08772081499649328
          ],
          [
            0.5390668345532088,
            0.23494204458683993,
            0.14546475420301297,
            0.0805263666569384
          ],
          [
            0.526134752233177,
            0.2576632601992401,
            0.12380308917234287,
            0.09239889839523996
          ],
          [
            0.5239160559820216,
            0.24866882486161174,
            0.137065638513869,
            0.09034948064249768
          ]
        ]
      },
      {
        "trial": 23,
        "mean_si": 0.15018323589630386,
        "agent_sis": [
          0.13492241214467937,
          0.156750079243557,
          0.14863166012803242,
          0.1628975590857138,
          0.14771446887953676
        ],
        "final_preferences": [
          [
            0.47696089360179506,
            0.30041859713459995,
            0.0905958911894308,
            0.13202461807417426
          ],
          [
            0.48403332721482584,
            0.3205431746753559,
            0.08594710541670558,
            0.10947639269311266
          ],
          [
            0.4950819262215635,
            0.2937954996424971,
            0.08975920010018612,
            0.12136337403575317
          ],
          [
            0.4980191512255934,
            0.30258835215759544,
            0.07140360423359698,
            0.12798889238321431
          ],
          [
            0.4669447573072356,
            0.3267579439348658,
            0.07427295878916472,
            0.13202433996873392
          ]
        ]
      },
      {
        "trial": 24,
        "mean_si": 0.21768267212939882,
        "agent_sis": [
          0.19607397291564,
          0.20940254330076302,
          0.22363299347711507,
          0.22486624553017387,
          0.23443760542330205
        ],
        "final_preferences": [
          [
            0.5733198845164942,
            0.227123094447748,
            0.11006330034641597,
            0.08949372068934187
          ],
          [
            0.5863107116941233,
            0.22127700360123573,
            0.10730030432746843,
            0.08511198037717262
          ],
          [
            0.6037307595140354,
            0.2057895334442733,
            0.10758343364496595,
            0.08289627339672545
          ],
          [
            0.5954697045034065,
            0.22734429632775682,
            0.09407696709908527,
            0.08310903206975141
          ],
          [
            0.6151380992690851,
            0.1888179195259454,
            0.12528702413952603,
            0.07075695706544344
          ]
        ]
      },
      {
        "trial": 25,
        "mean_si": 0.3510384942413404,
        "agent_sis": [
          0.35273885596381027,
          0.3192482966195075,
          0.35289463569813784,
          0.3680684355475179,
          0.3622422473777288
        ],
        "final_preferences": [
          [
            0.6481673291502107,
            0.26629010134961384,
            0.058238922795392216,
            0.027303646704783205
          ],
          [
            0.6348378511983267,
            0.26123152434525304,
            0.06385386165613172,
            0.04007676280028871
          ],
          [
            0.6534004730238426,
            0.260049161570434,
            0.05465037879596897,
            0.031899986609754336
          ],
          [
            0.6495661787205445,
            0.27585526094160584,
            0.050486293119608526,
            0.024092267218241516
          ],
          [
            0.6592842370332269,
            0.2580811903349149,
            0.05311696638269895,
            0.029517606249159185
          ]
        ]
      },
      {
        "trial": 26,
        "mean_si": 0.13626723330388504,
        "agent_sis": [
          0.1398659835311451,
          0.13373633018459952,
          0.1507904642137634,
          0.13080109114162897,
          0.1261422974482882
        ],
        "final_preferences": [
          [
            0.5139475222344148,
            0.2394871011620769,
            0.15474643057511456,
            0.09181894602839374
          ],
          [
            0.5008073827451952,
            0.23739668915255027,
            0.18031922196712655,
            0.08147670613512782
          ],
          [
            0.5206196139092093,
            0.2323105174615373,
            0.17054970041102344,
            0.07652016821823002
          ],
          [
            0.5094086666919663,
            0.22726773778647585,
            0.16635842152599772,
            0.09696517399556032
          ],
          [
            0.49540039540278663,
            0.23013626199628484,
            0.18864101801063185,
            0.08582232459029661
          ]
        ]
      },
      {
        "trial": 27,
        "mean_si": 0.24627313992084252,
        "agent_sis": [
          0.25088348196957655,
          0.23456796088531584,
          0.24472671497251874,
          0.24733489343973514,
          0.25385264833706633
        ],
        "final_preferences": [
          [
            0.642808473630553,
            0.14856403394351064,
            0.09776843281581185,
            0.11085905961012453
          ],
          [
            0.6252322631391767,
            0.17046159389101154,
            0.09782436886877686,
            0.10648177410103499
          ],
          [
            0.633690145124351,
            0.16247920875967622,
            0.08511043083222404,
            0.11872021528374872
          ],
          [
            0.6375897298382708,
            0.15843068041619712,
            0.09141426413116784,
            0.11256532561436433
          ],
          [
            0.6447128076262656,
            0.14918867070912836,
            0.09384183110124175,
            0.11225669056336429
          ]
        ]
      },
      {
        "trial": 28,
        "mean_si": 0.2894505627013019,
        "agent_sis": [
          0.30053120477004713,
          0.2692286812554884,
          0.28601193832820415,
          0.3040354759269418,
          0.2874455132258278
        ],
        "final_preferences": [
          [
            0.6840593541478907,
            0.1183404400491071,
            0.09991192946178705,
            0.0976882763412151
          ],
          [
            0.6605011053521899,
            0.12140808525097949,
            0.11336343678317486,
            0.10472737261365579
          ],
          [
            0.6729784081555806,
            0.11903182110548327,
            0.11333541942103072,
            0.0946543513179055
          ],
          [
            0.6860110915489634,
            0.11534083148655262,
            0.11187954628251907,
            0.08676853068196488
          ],
          [
            0.6745465609103581,
            0.11361368892967195,
            0.11296056263062577,
            0.09887918752934417
          ]
        ]
      },
      {
        "trial": 29,
        "mean_si": 0.3606144597256325,
        "agent_sis": [
          0.3327072414056821,
          0.385976595501368,
          0.35974104507811877,
          0.36895525370874405,
          0.35569216293424966
        ],
        "final_preferences": [
          [
            0.6710182526648696,
            0.21292701997631575,
            0.0697647017513321,
            0.04629002560748267
          ],
          [
            0.7066655132319385,
            0.20076804239534365,
            0.05288251182054966,
            0.03968393255216813
          ],
          [
            0.6986850847428309,
            0.18808584434070508,
            0.0680611496238569,
            0.04516792129260726
          ],
          [
            0.6963653328071903,
            0.20393985498343908,
            0.054317073815823784,
            0.04537773839354697
          ],
          [
            0.6924086441837474,
            0.19524228867093849,
            0.07057149434326376,
            0.0417775728020503
          ]
        ]
      }
    ],
    "baselines": {
      "random_mean_si": 0.26247325769833163,
      "random_std_si": 0.05819327535490664,
      "homogeneous_si": 3.164043471670652e-10
    },
    "improvement_vs_random": -13.66979015468507
  },
  "commodities": {
    "domain": "commodities",
    "n_records": 5630,
    "n_regimes": 4,
    "regime_distribution": {
      "bull": 1636,
      "bear": 1439,
      "volatile": 1394,
      "sideways": 1161
    },
    "n_methods": 5,
    "methods": [
      "naive",
      "ma5",
      "ma20",
      "mean_revert",
      "trend"
    ],
    "n_trials": 30,
    "mean_si": 0.03619965795901477,
    "std_si": 0.02271609032401062,
    "min_si": 0.0006814878914977119,
    "max_si": 0.0932910428055942,
    "ci_95_lower": 0.0034120675470182167,
    "ci_95_upper": 0.08713528203712399,
    "trial_results": [
      {
        "trial": 0,
        "mean_si": 0.025516109182142577,
        "agent_sis": [
          0.03841008215976427,
          0.013274988015321787,
          0.023587784267197875,
          0.02595175004796324,
          0.02635594142046571
        ],
        "final_preferences": [
          [
            0.24417137228295818,
            0.1970728343165655,
            0.38853751478568316,
            0.1702182786147931
          ],
          [
            0.2683607459384456,
            0.2264678579575531,
            0.31693153063424323,
            0.18823986546975785
          ],
          [
            0.2400136436205372,
            0.2142555580079048,
            0.3591834568456726,
            0.1865473415258853
          ],
          [
            0.24854069970585674,
            0.23661038281129865,
            0.35176041185901624,
            0.16308850562382837
          ],
          [
            0.2620214084113936,
            0.2311004083392198,
            0.3471318462892702,
            0.15974633696011642
          ]
        ]
      },
      {
        "trial": 1,
        "mean_si": 0.030017559809631122,
        "agent_sis": [
          0.038187124486754764,
          0.033087243099301,
          0.023603371986898658,
          0.029004073653291274,
          0.026205985821909916
        ],
        "final_preferences": [
          [
            0.30615302460918375,
            0.28997148178267756,
            0.283757428201501,
            0.12011806540663775
          ],
          [
            0.30137706855069885,
            0.2888145712907949,
            0.2815468502243792,
            0.12826150993412705
          ],
          [
            0.3009277838195274,
            0.2794397996243664,
            0.27303795457069746,
            0.14659446198540874
          ],
          [
            0.321722747088478,
            0.27076305944925805,
            0.26830992457446584,
            0.1392042688877982
          ],
          [
            0.3039023360010768,
            0.26360835459868265,
            0.29012132872658875,
            0.14236798067365175
          ]
        ]
      },
      {
        "trial": 2,
        "mean_si": 0.011469259082737725,
        "agent_sis": [
          0.01413533277831247,
          0.012013636530266103,
          0.007888348441014048,
          0.008104409435963578,
          0.015204568228132431
        ],
        "final_preferences": [
          [
            0.28486024248216013,
            0.17324358021563824,
            0.2961393769267737,
            0.24575680037542802
          ],
          [
            0.2576742179303939,
            0.2024911989421059,
            0.322121765994676,
            0.21771281713282414
          ],
          [
            0.2591455891659871,
            0.2085498257213022,
            0.30638404541288816,
            0.22592053969982237
          ],
          [
            0.26590161281177166,
            0.19873800297427396,
            0.29978979131053873,
            0.2355705929034156
          ],
          [
            0.2534868891918788,
            0.19118022216448013,
            0.33164959283359413,
            0.2236832958100469
          ]
        ]
      },
      {
        "trial": 3,
        "mean_si": 0.046220974788081626,
        "agent_sis": [
          0.051298634867043114,
          0.05633309159731248,
          0.04358884153264786,
          0.035276041881564746,
          0.04460826406183993
        ],
        "final_preferences": [
          [
            0.3534234825888557,
            0.12884230804705962,
            0.3231249196710529,
            0.19460928969303184
          ],
          [
            0.3585032823751987,
            0.12515733464126305,
            0.3275086769903273,
            0.18883070599321097
          ],
          [
            0.36231582687455516,
            0.14294560354297026,
            0.2996369150708381,
            0.19510165451163652
          ],
          [
            0.3430332672138551,
            0.14625986161893623,
            0.3003329136872548,
            0.21037395747995383
          ],
          [
            0.33829448761640474,
            0.13221952582470145,
            0.3240642582919408,
            0.205421728266953
          ]
        ]
      },
      {
        "trial": 4,
        "mean_si": 0.05093352548331072,
        "agent_sis": [
          0.04795392834727541,
          0.048119667882700945,
          0.05445055230499429,
          0.05381030517709029,
          0.05033317370449264
        ],
        "final_preferences": [
          [
            0.2706394698377489,
            0.11917126519675482,
            0.3648441865824947,
            0.2453450783830017
          ],
          [
            0.26692168180826586,
            0.11598189299662848,
            0.359509390905103,
            0.2575870342900027
          ],
          [
            0.28775197613022113,
            0.11162805471583759,
            0.3669107332662084,
            0.2337092358877329
          ],
          [
            0.285132018816158,
            0.12453041356943116,
            0.3818658249120539,
            0.20847174270235697
          ],
          [
            0.265095820394892,
            0.122920976935819,
            0.3794698754806706,
            0.2325133271886184
          ]
        ]
      },
      {
        "trial": 5,
        "mean_si": 0.04009562838897194,
        "agent_sis": [
          0.0443153111101483,
          0.03798979470359809,
          0.03808905162165621,
          0.048315627316391385,
          0.0317683571930657
        ],
        "final_preferences": [
          [
            0.2519293979977268,
            0.39703284424559687,
            0.1770618865450139,
            0.17397587121166244
          ],
          [
            0.25362252962250337,
            0.3805461897787544,
            0.15790692298512585,
            0.20792435761361636
          ],
          [
            0.2639438861223373,
            0.37112594702801555,
            0.1474286972024772,
            0.21750146964717001
          ],
          [
            0.25439935109774753,
            0.3992307013355221,
            0.15110328729701986,
            0.19526666026971065
          ],
          [
            0.2638435064671614,
